0|49.226|1324.366|4.259681|1.391031,-3.916741,179.729600|1.391031,-3.916741,179.729600;1.022143,-4.270882,242.957500;0.529236,-4.470993,251.609800;0.016222,-4.612650,257.849600;-0.506587,-4.604321,288.295300;-0.995901,-4.395081,295.190800;-1.483197,-4.180932,289.670900;-2.007540,-4.120000,270.000000;-2.540000,-4.120000,270.000000
1|53.926|54.818|blocked
2|50.449|1631.700|3.244829|0.480000,-3.120000,270.000000|0.480000,-3.120000,270.000000;0.096940,-3.246581,245.468600;-0.266829,-3.425897,242.608000;-0.625639,-3.615021,241.991500;-0.984343,-3.804346,242.608100;-1.347668,-3.984570,245.225900;-1.728830,-4.118896,264.465900;-2.134396,-4.119999,269.998000;-2.540000,-4.120000,270.000000
3|48.953|1369.469|3.445079|0.700000,-3.120000,270.000000|0.700000,-3.120000,270.000000;0.290168,-3.246135,247.474000;-0.103373,-3.420910,245.123500;-0.492826,-3.604680,244.541300;-0.882020,-3.789001,244.931700;-1.274487,-3.966198,246.889300;-1.679406,-4.111121,257.664600;-2.109365,-4.120000,270.000000;-2.540000,-4.120000,270.000000
4|48.099|1739.619|3.244829|0.480000,-3.120000,270.000000|0.480000,-3.120000,270.000000;0.096940,-3.246581,245.468600;-0.266829,-3.425897,242.608000;-0.625639,-3.615021,241.991500;-0.984343,-3.804346,242.608100;-1.347668,-3.984570,245.225900;-1.728830,-4.118896,264.465900;-2.134396,-4.119999,269.998000;-2.540000,-4.120000,270.000000
5|49.272|1224.169|blocked
6|54.034|1716.251|4.108149|0.954559,-3.134315,315.000000|0.954559,-3.134315,315.000000;0.482600,-2.947751,281.141400;-0.027171,-2.889741,272.436100;-0.539689,-2.907513,261.518200;-0.954558,-3.175595,216.734200;-1.236521,-3.604623,212.500700;-1.543887,-4.014533,227.189200;-2.026481,-4.120000,270.000000;-2.540000,-4.120000,270.000000
7|55.445|1591.696|4.108149|0.954559,-3.134315,315.000000|0.954559,-3.134315,315.000000;0.482600,-2.947751,281.141400;-0.027171,-2.889741,272.436100;-0.539689,-2.907513,261.518200;-0.954558,-3.175595,216.734200;-1.236521,-3.604623,212.500700;-1.543887,-4.014533,227.189200;-2.026481,-4.120000,270.000000;-2.540000,-4.120000,270.000000
8|56.578|1684.476|4.108149|0.954559,-3.134315,315.000000|0.954559,-3.134315,315.000000;0.482600,-2.947751,281.141400;-0.027171,-2.889741,272.436100;-0.539689,-2.907513,261.518200;-0.954558,-3.175595,216.734200;-1.236521,-3.604623,212.500700;-1.543887,-4.014533,227.189200;-2.026481,-4.120000,270.000000;-2.540000,-4.120000,270.000000
9|53.858|1588.711|4.258523|1.390000,-3.920000,180.000000|1.390000,-3.920000,180.000000;1.020658,-4.273694,242.994700;0.527785,-4.473500,251.643300;0.014820,-4.614790,257.890500;-0.507802,-4.605734,288.379900;-0.996647,-4.395767,295.277800;-1.483521,-4.181024,289.734500;-2.007684,-4.120000,270.000000;-2.540000,-4.120000,270.000000
10|50.623|51.313|blocked
11|51.909|2107.279|4.812169|1.280000,-3.700000,180.000000|1.280000,-3.700000,180.000000;1.326557,-4.292529,205.617000;0.814197,-4.593854,246.998900;0.248258,-4.796726,253.870100;-0.342186,-4.886482,281.980800;-0.869548,-4.603773,304.170400;-1.369464,-4.269420,301.001500;-1.938479,-4.120000,270.000000;-2.540000,-4.120000,270.000000
12|49.009|1270.906|4.258523|1.390000,-3.920000,180.000000|1.390000,-3.920000,180.000000;1.020658,-4.273694,242.994700;0.527785,-4.473500,251.643300;0.014820,-4.614790,257.890500;-0.507802,-4.605734,288.379900;-0.996647,-4.395767,295.277800;-1.483521,-4.181024,289.734500;-2.007684,-4.120000,270.000000;-2.540000,-4.120000,270.000000
13|54.680|1150.198|3.522452|0.954559,-4.265685,225.000000|0.954559,-4.265685,225.000000;0.529411,-4.347364,269.554200;0.089615,-4.328900,274.335300;-0.348655,-4.286832,276.346100;-0.785765,-4.233917,277.330400;-1.222317,-4.176546,277.489000;-1.659537,-4.124786,274.800300;-2.099694,-4.120000,270.000000;-2.540000,-4.120000,270.000000
14|52.435|1321.793|3.522452|0.954559,-4.265685,225.000000|0.954559,-4.265685,225.000000;0.529411,-4.347364,269.554200;0.089615,-4.328900,274.335300;-0.348655,-4.286832,276.346100;-0.785765,-4.233917,277.330400;-1.222317,-4.176546,277.489000;-1.659537,-4.124786,274.800300;-2.099694,-4.120000,270.000000;-2.540000,-4.120000,270.000000
15|49.364|1500.336|4.642249|1.343467,-4.032340,180.000000|1.343467,-4.032340,180.000000;1.420168,-4.603993,194.601500;0.881199,-4.673150,277.505600;0.310270,-4.570161,281.988000;-0.256555,-4.445940,281.705000;-0.820650,-4.310745,285.116000;-1.383328,-4.169212,282.051400;-1.959719,-4.120000,269.997800;-2.540000,-4.120000,270.000000
16|52.886|1218.384|3.522452|0.954559,-4.265685,225.000000|0.954559,-4.265685,225.000000;0.529411,-4.347364,269.554200;0.089615,-4.328900,274.335300;-0.348655,-4.286832,276.346100;-0.785765,-4.233917,277.330400;-1.222317,-4.176546,277.489000;-1.659537,-4.124786,274.800300;-2.099694,-4.120000,270.000000;-2.540000,-4.120000,270.000000
17|49.485|962.800|3.245487|0.700000,-4.280000,270.000000|0.700000,-4.280000,270.000000;0.294853,-4.260129,273.794800;-0.109812,-4.231377,274.243000;-0.514345,-4.200812,274.357100;-0.918875,-4.170209,274.256600;-1.323528,-4.141290,273.834500;-1.728629,-4.120176,270.872200;-2.134314,-4.119999,269.998000;-2.540000,-4.120000,270.000000
18|53.134|1204.395|3.245487|0.700000,-4.280000,270.000000|0.700000,-4.280000,270.000000;0.294853,-4.260129,273.794800;-0.109812,-4.231377,274.243000;-0.514345,-4.200812,274.357100;-0.918875,-4.170209,274.256600;-1.323528,-4.141290,273.834500;-1.728629,-4.120176,270.872200;-2.134314,-4.119999,269.998000;-2.540000,-4.120000,270.000000
19|53.308|54.136|blocked
20|57.972|1317.782|3.245487|0.700000,-4.280000,270.000000|0.700000,-4.280000,270.000000;0.294853,-4.260129,273.794800;-0.109812,-4.231377,274.243000;-0.514345,-4.200812,274.357100;-0.918875,-4.170209,274.256600;-1.323528,-4.141290,273.834500;-1.728629,-4.120176,270.872200;-2.134314,-4.119999,269.998000;-2.540000,-4.120000,270.000000
21|52.775|917.342|2.624340|0.056533,-4.032341,225.000000|0.056533,-4.032341,225.000000;-0.246221,-4.145583,261.397100;-0.573139,-4.169874,268.860000;-0.901118,-4.166172,272.094400;-1.228718,-4.149330,273.613600;-1.556061,-4.127928,273.507600;-1.883915,-4.120000,270.000000;-2.211957,-4.120000,270.000000;-2.540000,-4.120000,270.000000
22|91.070|923.439|2.624340|0.056533,-4.032341,225.000000|0.056533,-4.032341,225.000000;-0.246221,-4.145583,261.397100;-0.573139,-4.169874,268.860000;-0.901118,-4.166172,272.094400;-1.228718,-4.149330,273.613600;-1.556061,-4.127928,273.507600;-1.883915,-4.120000,270.000000;-2.211957,-4.120000,270.000000;-2.540000,-4.120000,270.000000
23|50.343|1015.392|2.624340|0.056533,-4.032341,225.000000|0.056533,-4.032341,225.000000;-0.246221,-4.145583,261.397100;-0.573139,-4.169874,268.860000;-0.901118,-4.166172,272.094400;-1.228718,-4.149330,273.613600;-1.556061,-4.127928,273.507600;-1.883915,-4.120000,270.000000;-2.211957,-4.120000,270.000000;-2.540000,-4.120000,270.000000
24|49.737|1131.903|2.949314|0.367660,-4.343467,225.000000|0.367660,-4.343467,225.000000;0.014270,-4.414357,272.189200;-0.352255,-4.376575,278.552600;-0.715267,-4.312432,281.060100;-1.076342,-4.238030,281.952900;-1.437380,-4.163458,280.921300;-1.802672,-4.120000,270.000000;-2.171336,-4.120000,270.000000;-2.540000,-4.120000,270.000000
25|49.311|924.377|2.562293|0.010000,-3.920000,270.000000|0.010000,-3.920000,270.000000;-0.309174,-3.944806,263.372300;-0.626818,-3.985817,262.135000;-0.943974,-4.030484,261.946100;-1.261269,-4.074145,262.553200;-1.579449,-4.110631,264.963100;-1.899427,-4.120000,270.000000;-2.219713,-4.120000,270.000000;-2.540000,-4.120000,270.000000
26|53.564|757.942|2.562293|0.010000,-3.920000,270.000000|0.010000,-3.920000,270.000000;-0.309174,-3.944806,263.372300;-0.626818,-3.985817,262.135000;-0.943974,-4.030484,261.946100;-1.261269,-4.074145,262.553200;-1.579449,-4.110631,264.963100;-1.899427,-4.120000,270.000000;-2.219713,-4.120000,270.000000;-2.540000,-4.120000,270.000000
27|49.452|938.625|2.562293|0.010000,-3.920000,270.000000|0.010000,-3.920000,270.000000;-0.309174,-3.944806,263.372300;-0.626818,-3.985817,262.135000;-0.943974,-4.030484,261.946100;-1.261269,-4.074145,262.553200;-1.579449,-4.110631,264.963100;-1.899427,-4.120000,270.000000;-2.219713,-4.120000,270.000000;-2.540000,-4.120000,270.000000
28|49.250|49.842|blocked
29|49.533|1138.206|2.796083|0.056533,-3.367660,315.000000|0.056533,-3.367660,315.000000;-0.276179,-3.379013,249.330100;-0.591644,-3.528904,241.624900;-0.895300,-3.701927,239.551300;-1.196664,-3.878948,240.065700;-1.504750,-4.043779,245.109200;-1.840979,-4.120000,270.000000;-2.190490,-4.120000,270.000000;-2.540000,-4.120000,270.000000
30|56.666|1011.067|2.796083|0.056533,-3.367660,315.000000|0.056533,-3.367660,315.000000;-0.276179,-3.379013,249.330100;-0.591644,-3.528904,241.624900;-0.895300,-3.701927,239.551300;-1.196664,-3.878948,240.065700;-1.504750,-4.043779,245.109200;-1.840979,-4.120000,270.000000;-2.190490,-4.120000,270.000000;-2.540000,-4.120000,270.000000
31|54.018|1013.172|2.796083|0.056533,-3.367660,315.000000|0.056533,-3.367660,315.000000;-0.276179,-3.379013,249.330100;-0.591644,-3.528904,241.624900;-0.895300,-3.701927,239.551300;-1.196664,-3.878948,240.065700;-1.504750,-4.043779,245.109200;-1.840979,-4.120000,270.000000;-2.190490,-4.120000,270.000000;-2.540000,-4.120000,270.000000
32|49.384|1654.430|3.208569|0.367660,-3.056533,315.000000|0.367660,-3.056533,315.000000;-0.010095,-3.114328,244.531300;-0.360295,-3.309459,238.426800;-0.698323,-3.525290,236.733700;-1.033385,-3.745724,236.892500;-1.373024,-3.958971,239.514000;-1.737873,-4.119463,265.400700;-2.138929,-4.120000,270.000000;-2.540000,-4.120000,270.000000
